R, bias, L, W, Gain
66941.2, 1.1474, 5.94193e-06, 1.20991e-06, -3.707 
39523.3, 1.1098, 2.05457e-06, 6.60305e-06, 13.478 
41540.1, 1.62664, 2.45111e-06, 9.16967e-06, 29.6439 
4880.9, 0.785474, 6.92624e-06, 4.43716e-06, 14.5596 
89378.9, 0.969248, 4.07579e-06, 7.59016e-06, 10.2142 
95601.9, 1.54386, 8.1305e-06, 1.86709e-07, 10.2142 
71419.3, 1.44077, 2.92598e-06, 3.2647e-06, 18.8639 
19533, 1.36597, 9.24481e-06, 2.80159e-06, 0.359066 
2338.28, 0.929429, 1.69451e-06, 8.34222e-06, -0.174599 
89801.1, 1.17863, 3.46504e-06, 5.65975e-06, 18.008 
67513.1, 1.3672, 5.25203e-06, 5.65943e-07, -0.103596 
91822.3, 0.985616, 5.54265e-06, 8.32439e-07, -1.30388 
11076.6, 0.61601, 1.51298e-06, 5.53269e-06, 5.23356 
41918.3, 1.51624, 5.18462e-06, 8.869e-06, 20.5168 
48573.4, 1.32694, 9.82985e-06, 6.16152e-07, 7.48128 
80543.9, 1.60264, 5.92998e-06, 7.53293e-06, 25.667 
47423.7, 1.06255, 3.39734e-06, 6.43563e-06, 7.37471 
98546.8, 0.883363, 4.35863e-06, 4.89932e-06, -12.0628 
18784.2, 1.41018, 8.53056e-06, 6.7084e-06, -2.65797 
7729.47, 1.64572, 4.90931e-06, 4.17866e-06, -1.50559 
85783.1, 1.35296, 9.07673e-06, 3.97341e-06, 8.98453 
83422.7, 0.996126, 7.74121e-06, 3.0404e-06, -9.98666 
37861.7, 0.697562, 9.20571e-06, 9.74902e-06, -4.38712 
43667.2, 1.66176, 2.79559e-06, 6.683e-06, 26.6787 
97910.1, 1.04386, 1.3619e-06, 6.93324e-07, -12.0644 
35418.3, 1.23567, 5.5328e-06, 8.28449e-06, 9.24441 
3014.26, 0.696014, 4.08615e-06, 5.27228e-06, 16.4612 
80694.2, 0.70223, 7.3408e-06, 5.89473e-06, -8.58449 
33590.9, 1.43608, 8.49402e-06, 9.09677e-06, 11.6193 
15315, 1.1499, 4.62653e-06, 9.71113e-06, -6.88472 
83627.6, 1.11862, 9.60604e-06, 6.85475e-06, 5.40847 
30507.5, 1.59795, 9.1896e-06, 6.4517e-06, 10.2048 
5897.81, 1.29861, 9.04158e-07, 3.37336e-07, 10.2048 
9572.61, 0.781746, 7.98869e-06, 5.61247e-06, 7.85112 
48008.9, 1.65738, 2.57478e-06, 8.72492e-06, 30.6499 
33392.5, 1.21446, 2.35042e-06, 6.7008e-06, 14.5469 
12636.3, 0.665606, 9.77097e-06, 8.4924e-06, 8.74688 
81641.8, 1.46252, 9.43838e-06, 6.84896e-06, 17.5329 
67940, 1.04741, 9.97154e-06, 9.21797e-06, 1.19748 
12513.5, 0.909573, 9.2535e-06, 5.28886e-06, 4.27177 
78982, 1.49186, 3.20862e-06, 6.94836e-06, 27.8121 
41563.6, 1.67875, 9.64951e-07, 4.4093e-06, 31.8931 
81826.6, 1.46568, 9.95376e-06, 6.75832e-06, 16.9652 
69843, 1.24427, 3.51375e-06, 2.49367e-06, 7.2949 
87014.1, 1.66974, 2.06068e-06, 3.82727e-06, 30.1916 
42053.8, 1.65614, 6.96304e-06, 9.01204e-06, 20.9345 
82941.6, 1.27227, 6.32598e-06, 4.28636e-06, 10.9623 
11259.4, 1.67122, 5.6712e-06, 5.46851e-06, 4.08685 
16257.6, 1.5313, 6.9585e-06, 5.98481e-06, 2.55335 
49062.8, 0.9016, 2.55559e-06, 1.319e-06, -5.35314 
56910.6, 1.493, 3.77908e-06, 6.28488e-06, 22.3906 
71880.1, 1.55546, 9.96256e-06, 2.44478e-07, 22.3906 
15226.5, 1.24268, 2.96607e-06, 2.21111e-06, -3.68585 
62751.5, 1.10372, 4.76763e-06, 2.50245e-06, -11.0101 
85878.8, 1.2238, 6.48309e-06, 8.33831e-06, 17.1236 
60586.1, 1.12756, 2.00463e-06, 2.04342e-06, 3.33765 
25389.1, 1.6346, 5.07358e-06, 8.48088e-06, 17.9923 
49898.3, 0.853724, 3.52604e-06, 4.78758e-06, -13.6589 
69510.7, 1.00849, 3.07207e-06, 5.88131e-06, 9.29038 
20978.9, 1.33618, 8.01085e-06, 5.48144e-06, -6.74087 
83596.1, 1.67478, 6.28498e-06, 9.57025e-07, 3.99569 
29592.5, 1.65212, 9.23149e-07, 7.04934e-06, 33.1162 
89030.3, 1.39733, 3.42907e-06, 7.76057e-06, 27.2451 
22799.8, 1.00597, 7.25311e-06, 2.12449e-06, 3.65294 
17408.3, 1.58019, 8.68512e-06, 2.2763e-06, 1.13257 
74570.9, 1.02611, 1.03584e-06, 4.19863e-07, -8.55511 
25476.3, 1.01625, 9.03912e-06, 7.15451e-07, 14.8382 
38156.9, 1.51975, 9.98719e-07, 7.22897e-06, 32.1308 
26930.8, 1.01285, 2.17121e-06, 4.50091e-06, -12.0917 
4643.57, 0.654259, 9.46845e-06, 5.45646e-06, 22.0409 
99828.5, 1.00484, 4.11881e-07, 9.78764e-06, 33.8964 
72668.1, 1.27352, 3.07046e-06, 4.06731e-06, 16.4321 
60747.9, 0.63825, 1.40272e-06, 4.5891e-06, -10.5609 
12008.3, 0.645236, 3.71264e-06, 6.49599e-06, 5.46378 
87965.2, 1.62744, 8.23404e-06, 7.79066e-06, 24.3548 
94268.5, 0.879579, 4.16258e-06, 2.4049e-06, -12.0419 
79554.2, 1.64637, 2.73383e-06, 9.39456e-06, 35.1014 
84012.2, 1.03503, 8.51086e-06, 2.69444e-06, -8.79036 
96272.9, 0.94321, 6.49509e-06, 5.61953e-06, -6.27645 
66160.3, 0.923028, 5.68812e-06, 2.97853e-06, -9.14378 
40899.6, 1.32399, 7.29341e-06, 7.62252e-06, 10.0084 
40739.5, 1.09772, 1.6491e-06, 5.67752e-06, 13.5633 
54928.3, 0.684603, 8.44171e-06, 8.32421e-06, -6.23557 
23392.5, 1.07716, 6.44358e-06, 7.15641e-06, -9.59889 
3130.76, 1.33969, 2.1549e-06, 6.16433e-06, -2.71549 
99635.1, 0.970056, 6.29345e-07, 3.45263e-06, 18.2488 
91920.3, 0.894077, 3.44299e-06, 2.38455e-07, 18.2488 
4393.11, 0.795131, 1.65045e-06, 4.3491e-06, 3.35341 
47622.1, 1.03829, 4.83366e-06, 9.843e-06, 7.54955 
68758.2, 1.30741, 7.70822e-06, 5.80885e-06, 11.5766 
53603.6, 1.10469, 6.12474e-06, 9.47094e-06, 9.21369 
19389.6, 1.1304, 6.78608e-06, 6.57946e-06, -7.50539 
43600, 1.07982, 4.03758e-06, 9.81882e-06, 10.8291 
2149.66, 1.67654, 4.50598e-06, 2.19795e-06, 13.5926 
53657.6, 1.51497, 6.41086e-06, 1.33572e-06, -3.7939 
1263.11, 1.27009, 2.7374e-06, 1.69657e-06, 19.1658 
73105.1, 0.616661, 3.15742e-07, 5.35785e-06, -14.5834 
40064.7, 1.25337, 6.90921e-06, 7.37893e-06, 7.2532 
8205.45, 1.04236, 8.59093e-07, 8.51799e-06, 0.505198 
44541.6, 1.29406, 5.10573e-06, 6.37721e-06, 11.8257 
14275.7, 0.670217, 7.47291e-06, 4.41756e-06, 11.1911 
15489.8, 1.39537, 2.51847e-07, 3.28199e-06, 23.1193 
87828, 1.66092, 6.11911e-06, 9.82978e-06, 29.7344 
21587.2, 1.01141, 1.12852e-06, 1.90533e-06, -10.3847 
19966.4, 0.680564, 1.59928e-06, 7.09761e-07, 13.234 
57360.8, 0.716012, 1.27805e-06, 6.1753e-06, -19.719 
15643.8, 0.829473, 3.1115e-06, 6.87284e-06, -7.6682 
75784.1, 1.31559, 9.4548e-06, 9.08427e-06, 15.7416 
89818.8, 0.900105, 1.8304e-06, 7.40346e-06, 13.6228 
90016.9, 1.57536, 1.92047e-06, 9.89049e-06, 38.277 
76521.9, 1.04997, 7.55141e-06, 4.15818e-06, -12.294 
54979, 0.672042, 6.35831e-06, 3.81499e-06, -0.490594 
6891.84, 0.801986, 6.00595e-06, 8.57625e-06, 3.84102 
68316.5, 0.804377, 8.18508e-06, 2.57376e-06, -2.32257 
52912.7, 1.69157, 1.15106e-06, 4.81019e-06, 33.54 
53850.9, 0.946738, 4.23524e-06, 8.30491e-06, 1.28872 
48957, 1.23698, 2.65056e-06, 2.60525e-06, 6.25486 
64474.4, 1.2568, 4.63492e-06, 8.74215e-06, 18.9678 
78303.5, 1.1636, 3.49388e-06, 8.89143e-06, 20.7317 
683.92, 0.84368, 8.35429e-06, 8.62554e-06, 25.62 
78771.5, 1.50603, 9.03206e-06, 1.75605e-06, 1.85535 
85512.4, 0.667447, 7.41686e-06, 2.11017e-06, 2.83606 
3736.19, 1.63095, 2.28188e-06, 3.38231e-06, -0.0600859 
48526.1, 1.07238, 8.42046e-06, 1.12035e-06, 3.73238 
91207.6, 0.649333, 7.76582e-06, 7.22094e-06, -7.66631 
10784.8, 1.37505, 7.80651e-06, 5.55209e-06, -2.16784 
36692.4, 1.05189, 2.14024e-06, 1.24369e-06, -6.39472 
16500.5, 1.38775, 9.77266e-07, 3.18002e-06, 12.1944 
46495, 0.776458, 9.3532e-06, 9.50169e-06, -8.97965 
56525.2, 1.51072, 1.67842e-06, 9.11127e-07, 9.22553 
25289.1, 0.695304, 9.80034e-07, 1.82834e-06, -1.92081 
45388.8, 0.956732, 6.14548e-06, 1.81224e-06, -1.47564 
64351.6, 1.45302, 7.21368e-06, 1.20548e-06, -4.39601 
19696, 1.44331, 6.53097e-06, 2.44973e-06, -1.99838 
18666.4, 1.35815, 2.36586e-06, 8.84643e-06, 15.9085 
22745, 1.41782, 3.27595e-06, 5.76723e-06, 11.6662 
32478.4, 0.775453, 6.04631e-07, 4.84738e-06, -19.8463 
28920.2, 1.27669, 8.29534e-06, 4.6994e-06, -7.53444 
33781.9, 1.02294, 4.12199e-06, 3.05997e-06, -7.99132 
6758.55, 0.676163, 5.67934e-06, 4.56714e-06, 14.732 
74639.9, 0.824028, 1.272e-06, 6.05594e-06, 4.14289 
53104.2, 0.912541, 1.78773e-06, 8.75652e-06, 10.7077 
66800.1, 1.15058, 8.06538e-06, 8.50509e-06, 9.40006 
85331.3, 0.984699, 9.57161e-06, 8.52893e-06, -1.09245 
35125.1, 1.44847, 5.61371e-06, 2.30281e-06, -2.48835 
16743.4, 1.58345, 8.03107e-06, 3.93939e-06, -2.63325 
38007.6, 0.932129, 9.65228e-06, 6.55574e-06, -7.35736 
90770, 1.03042, 9.1216e-06, 8.90783e-06, 6.05744 
10098.8, 1.41976, 6.7811e-07, 6.23837e-06, 18.8481 
58068.9, 1.10197, 6.35663e-06, 8.81426e-06, 8.70329 
68428, 1.1157, 9.14418e-06, 2.24364e-07, 8.70329 
2657.83, 1.69649, 5.60573e-06, 3.74629e-06, 8.6589 
85919.8, 1.06386, 2.15183e-06, 9.34903e-06, 22.7983 
50859.7, 0.774546, 4.05741e-06, 8.41553e-06, -15.6668 
51973.7, 0.658077, 4.42994e-06, 2.47603e-06, 2.37371 
52057.7, 1.41567, 1.40472e-06, 3.95722e-07, -4.47611 
29034.4, 1.61617, 7.8967e-06, 4.07067e-06, 6.12606 
87225.1, 0.786923, 7.18914e-06, 6.56627e-06, -13.6866 
5256.26, 0.732161, 5.0409e-06, 9.52836e-06, 6.14999 
54476, 1.61776, 6.63977e-06, 2.54809e-06, 9.62719 
97216.5, 1.28745, 3.67186e-06, 7.94181e-06, 24.9204 
78852.8, 0.863797, 7.91837e-06, 6.19295e-06, -13.3954 
36511.5, 0.868357, 6.4206e-06, 2.21427e-06, 0.744503 
83901.3, 1.62911, 4.75735e-06, 6.26281e-07, 0.107261 
16593.9, 1.51125, 7.71212e-06, 6.7307e-06, 2.40387 
31736.9, 1.32789, 6.60511e-06, 4.11671e-07, 11.5508 
81944.9, 0.690744, 5.05101e-06, 4.008e-06, -7.46666 
55572.7, 1.27824, 2.07607e-06, 2.80977e-06, 13.251 
2521.1, 1.61444, 9.11207e-06, 9.04633e-06, 5.76336 
76413.4, 1.33822, 8.05474e-06, 9.10221e-06, 18.1011 
80346.9, 0.9062, 5.38079e-06, 1.58583e-06, -5.29608 
941.851, 1.37145, 5.43759e-06, 5.5e-06, 15.963 
95714.8, 1.60894, 9.86855e-06, 6.76093e-07, -1.16864 
90978.6, 1.40176, 3.23805e-07, 4.30172e-06, 40.674 
54132.7, 0.744744, 3.95951e-06, 5.23189e-06, -11.0567 
92644, 1.58984, 4.26786e-06, 7.42956e-06, 29.4031 
84961.2, 1.52749, 6.37266e-06, 9.06778e-06, 25.7145 
71962.1, 1.39972, 3.04622e-06, 5.07684e-06, 22.2253 
53347.8, 0.935058, 2.87164e-06, 9.80823e-06, 8.78557 
23077.8, 1.03665, 7.32513e-07, 8.99929e-06, 16.8028 
35569.4, 1.26225, 4.88109e-06, 9.1502e-06, 12.8926 
33184.3, 0.691443, 6.43549e-06, 6.82136e-06, -2.79086 
2789.39, 1.0616, 3.24138e-06, 4.63871e-06, 7.00238 
89429.6, 1.17547, 8.88257e-06, 5.21822e-06, 6.28704 
46250.7, 0.881945, 7.39317e-06, 1.2266e-06, 5.54687 
47547.6, 1.09285, 9.61645e-06, 1.75995e-06, 0.0847428 
44152.8, 1.19777, 2.4702e-06, 1.24729e-06, -8.20192 
70574.2, 1.65565, 2.39545e-06, 7.85252e-06, 33.7145 
7814.35, 1.44967, 2.59255e-06, 9.93997e-06, 9.31802 
61148.1, 1.11211, 3.48306e-06, 6.71965e-06, 13.281 
14393.4, 1.25093, 8.86062e-07, 4.77415e-06, 11.6683 
93007.6, 1.02388, 3.32309e-06, 8.26172e-06, 16.7186 
52505.1, 1.18986, 5.45883e-06, 6.67751e-07, 2.55278 
92286.4, 1.05361, 7.14702e-06, 7.87879e-06, 9.29241 
48717.6, 1.18758, 5.73476e-06, 9.18091e-06, 12.0493 
46952.5, 1.29518, 6.57538e-06, 1.26439e-06, -1.79175 
81792.7, 0.682768, 1.8788e-06, 8.95077e-06, -21.5533 
58184, 0.706508, 7.91551e-06, 3.92227e-06, -1.50025 
27325.2, 0.619683, 8.48979e-06, 3.37401e-06, 13.5868 
51607.6, 1.17213, 4.3027e-06, 7.88829e-06, 13.4416 
47894.2, 1.58488, 1.86439e-06, 2.13588e-06, 18.1346 
65264.6, 1.38221, 5.42859e-06, 9.26895e-06, 21.6054 
58914.2, 0.644238, 2.54473e-06, 3.328e-06, -4.25875 
81434.5, 1.57905, 3.39686e-06, 7.68693e-06, 30.3232 
95451.8, 0.947747, 9.34182e-06, 3.9114e-06, -11.0761 
33761.6, 1.14092, 8.7314e-06, 7.93318e-06, -9.07018 
43219.5, 0.605351, 4.47007e-06, 5.15849e-06, 2.14598 
55157, 1.68782, 4.97558e-06, 8.28163e-06, 26.2606 
37546, 1.23192, 2.11506e-06, 9.58933e-06, 21.0492 
87391.7, 1.4883, 5.31238e-06, 4.0566e-06, 18.7876 
52803.7, 1.23948, 8.30367e-06, 1.69943e-06, -3.5 
39201.4, 1.66408, 1.30098e-06, 5.77795e-06, 30.992 
31224, 0.864607, 3.25975e-06, 6.83712e-06, -13.8309 
62604.7, 1.06621, 9.06094e-06, 7.95515e-06, -0.0969952 
58351.6, 0.835787, 1.32408e-06, 3.62781e-06, -18.3914 
54787.9, 0.92598, 5.19459e-06, 4.439e-07, 9.40262 
41014.5, 0.716776, 8.90924e-06, 5.75275e-06, -1.60247 
71751.9, 1.62357, 1.26054e-06, 9.90768e-06, 40.8068 
83343.4, 1.26756, 2.10321e-07, 3.55668e-07, 40.8068 
67157.3, 1.44769, 7.22121e-06, 3.60124e-06, 10.52 
65222.8, 0.615383, 8.76629e-06, 2.9758e-07, 10.52 
47293.5, 0.814007, 5.99586e-06, 7.09318e-06, -11.446 
69703.8, 1.16598, 3.46767e-06, 4.01884e-06, 10.6879 
9244.55, 0.878165, 5.09715e-06, 1.66635e-06, 12.9971 
25193.9, 0.978845, 3.76529e-06, 7.63129e-06, -13.461 
60989.2, 0.703596, 2.44885e-06, 7.71869e-06, -17.433 
61096.6, 1.43769, 7.72538e-06, 8.56275e-06, 18.2536 
53794.6, 0.662243, 3.65746e-06, 7.84191e-06, -10.7651 
5378.53, 0.60056, 8.11676e-07, 5.20276e-07, 33.7483 
48248, 1.43402, 9.99111e-06, 4.39546e-06, 4.50327 
15477.5, 1.36323, 6.63316e-06, 7.67697e-07, 11.8219 
86124.2, 1.2285, 2.06604e-06, 6.34406e-06, 24.9274 
44921.1, 0.651802, 7.96516e-07, 6.04481e-06, -14.1751 
39706.2, 1.20438, 2.70754e-06, 1.93813e-06, -8.03451 
72357.8, 0.633292, 1.76103e-06, 8.03403e-06, -15.7591 
99336.8, 0.699053, 7.35137e-06, 5.40666e-06, -9.38539 
40646, 1.23117, 7.45997e-06, 6.97503e-06, 4.46115 
90127.2, 0.748661, 4.00373e-06, 9.01582e-06, -20.1544 
22150.6, 1.517, 1.11237e-06, 2.84198e-06, 16.592 
46315.7, 1.49431, 5.48197e-06, 1.84944e-06, 1.36352 
19070.1, 1.20231, 1.17143e-06, 1.74534e-06, -8.59788 
20798.6, 1.34183, 6.82594e-06, 8.82852e-06, 4.46121 
61589.1, 1.31438, 3.71379e-06, 7.75588e-06, 21.0035 
28799.7, 1.04816, 6.18346e-06, 4.73287e-06, -7.61942 
3241.48, 0.628416, 6.19039e-06, 5.72231e-06, 23.4739 
79450.3, 0.937626, 2.91859e-06, 1.14013e-06, -7.65018 
1362.73, 1.54908, 2.82322e-06, 3.14162e-06, 11.1571 
14775.2, 1.04971, 9.53676e-06, 6.41833e-06, -1.02499 
24205.7, 1.24707, 9.637e-06, 2.66309e-07, -1.02499 
62656.1, 1.15729, 3.58571e-07, 4.79765e-06, 30.0425 
32660.2, 1.40865, 9.09841e-06, 3.5707e-06, -5.62996 
59385.7, 0.685904, 9.98161e-06, 7.17095e-06, -4.26149 
32947.3, 1.59624, 5.97779e-06, 2.32497e-06, 2.86919 
42357.3, 0.647376, 7.07977e-06, 6.13958e-06, -0.126529 
94401.5, 0.918527, 9.6844e-06, 4.88477e-06, -12.1693 
84713.7, 1.11078, 3.8765e-06, 2.66777e-06, 2.40087 
93789.5, 0.739943, 5.93874e-07, 8.66466e-06, 5.58268 
43846.6, 0.779635, 7.02549e-06, 2.39564e-06, 1.59378 
14534.3, 0.817075, 2.48943e-06, 9.51602e-06, -11.3634 
88885.1, 1.19222, 3.21995e-06, 6.89727e-06, 21.0869 
92983.6, 1.08125, 8.73897e-06, 6.38299e-06, 5.05524 
43427.4, 1.1377, 1.23102e-06, 5.01459e-06, 17.0217 
68681.3, 0.707731, 3.12827e-06, 1.992e-07, 17.0217 
61492.3, 1.57035, 8.34592e-06, 6.60932e-06, 18.057 
35948.3, 1.63201, 5.90834e-06, 3.84855e-06, 11.4738 
50963.3, 1.31086, 9.53396e-06, 5.67316e-06, 4.7439 
82479.9, 0.622725, 1.85004e-06, 3.87014e-06, -8.24691 
1799.31, 1.34365, 6.17735e-06, 8.38763e-06, 7.91268 
43340.1, 1.52699, 4.66463e-06, 9.73663e-06, 22.9232 
14297.1, 1.19162, 7.26228e-06, 8.23794e-06, -6.9715 
49556.5, 0.860885, 3.64137e-06, 9.62295e-06, -8.78605 
21173.7, 1.54137, 2.56468e-06, 9.69099e-06, 21.8318 
80897.6, 0.886367, 9.79803e-06, 3.55386e-06, -7.1963 
60255, 1.13988, 6.56278e-06, 9.27036e-06, 11.1974 
7047.85, 1.34305, 5.21317e-06, 6.7789e-06, -3.37618 
91647.4, 1.68182, 8.10721e-06, 6.49747e-06, 24.1904 
25737.1, 1.3913, 6.46793e-06, 9.36341e-06, 10.5849 
83094, 1.26555, 7.24138e-06, 5.39412e-06, 12.1039 
81398.3, 0.759183, 5.46362e-06, 2.93503e-06, -6.98494 
91458.9, 1.3407, 3.68486e-06, 8.84407e-06, 26.7252 
43991.6, 1.15582, 5.80841e-06, 5.69506e-06, 1.60048 
7988.09, 1.57782, 8.28042e-06, 4.85636e-06, 0.742608 
60110.6, 1.41426, 8.26569e-06, 8.64915e-06, 16.9397 
56430.6, 1.68491, 6.05175e-06, 9.45176e-06, 25.9185 
72894.4, 1.47128, 7.11394e-06, 1.51704e-06, -0.264401 
88088, 1.42249, 9.7049e-06, 6.26623e-06, 16.0553 
29467.4, 0.643927, 2.70237e-06, 4.65814e-06, -1.28225 
5569.42, 1.08378, 1.79937e-06, 6.00722e-06, -6.41489 
48342.6, 1.13214, 3.31638e-06, 2.76951e-06, -5.14534 
49317, 1.61044, 2.90085e-06, 2.83161e-06, 17.6903 
61418.3, 0.76535, 6.15967e-06, 8.61213e-06, -13.6885 
9434.07, 1.33532, 7.58964e-07, 6.03563e-06, 14.2381 
80025.8, 0.997446, 7.06617e-06, 2.73305e-06, -9.47996 
25811.6, 0.738524, 4.53404e-06, 2.2273e-06, 4.64639 
874.086, 0.865784, 6.01763e-06, 6.8703e-06, 22.1424 
70026.9, 1.43214, 4.64888e-06, 5.37278e-06, 19.492 
17196.4, 1.59427, 1.12232e-06, 7.53125e-07, -1.76501 
14659.7, 1.14455, 1.34029e-06, 4.49097e-06, 0.0933976 
54723, 1.26062, 3.65122e-06, 4.86957e-06, 13.3468 
21986.2, 0.725554, 6.09956e-06, 8.04665e-06, -2.85036 
78123.1, 1.16695, 5.02355e-06, 9.67428e-06, 18.2878 
17030, 0.872788, 9.72353e-06, 8.37315e-06, -1.35582 
89964.9, 0.726903, 2.65729e-06, 8.54588e-07, -0.527775 
30874.2, 0.994209, 8.00418e-06, 5.1341e-06, -5.97487 
21925.6, 1.50964, 4.50206e-06, 4.53223e-06, 7.40584 
20757.9, 1.48191, 7.96744e-06, 1.08686e-06, 6.69795 
72264, 1.5077, 4.93447e-06, 2.51085e-07, 6.69795 
96201.7, 0.685259, 5.65553e-06, 6.50613e-06, -12.1923 
62931, 1.65905, 2.88574e-06, 8.54617e-06, 31.9312 
71052.3, 1.06787, 5.70489e-06, 8.98658e-06, 11.1216 
29846.1, 1.49942, 8.95226e-06, 4.6786e-06, 2.67869 
87623.1, 0.634471, 4.84084e-06, 5.60633e-06, -7.31486 
76919, 0.636385, 6.54444e-06, 5.41141e-06, -3.74745 
51327.9, 0.721454, 3.78537e-06, 1.51137e-06, 1.73084 
67732.7, 1.66551, 3.5195e-06, 6.7511e-06, 28.807 
75254.6, 1.39444, 6.75669e-06, 4.5042e-06, 13.644 
59115.8, 0.78821, 6.21202e-06, 1.60056e-06, 1.39127 
70328, 1.37319, 4.78214e-06, 5.02709e-06, 17.0522 
16383.2, 0.783807, 7.17382e-06, 2.33497e-06, 10.4023 
27463.2, 1.40279, 6.45669e-06, 7.11763e-06, 8.41626 
89700.5, 0.892598, 2.23853e-06, 4.32139e-06, 2.47231 
9992.24, 1.16993, 8.6515e-07, 2.53745e-06, -9.13118 
74189.7, 0.76396, 9.31567e-06, 7.44045e-06, -10.5039 
36363.9, 0.74611, 6.73457e-06, 9.86184e-06, -8.94555 
53967.3, 1.10735, 6.7226e-06, 9.24788e-07, 2.15496 
28693.5, 0.642518, 1.5612e-06, 4.14178e-06, -3.13091 
80218.7, 1.51299, 8.93968e-06, 4.20844e-06, 13.8096 
96380.5, 1.36088, 8.24954e-06, 5.78861e-06, 16.0975 
23966, 0.702533, 3.41316e-06, 9.89156e-06, -9.09546 
38631.5, 1.1003, 8.50552e-06, 5.17529e-06, -8.94904 
88204.7, 0.831175, 6.26596e-06, 9.56342e-06, -17.2133 
12212.1, 1.02119, 4.55579e-06, 7.13692e-06, -6.19591 
94735.9, 1.29011, 3.8246e-06, 7.3214e-06, 23.6026 
42824.8, 1.54196, 9.22376e-06, 7.65931e-06, 14.2997 
4442.16, 1.44611, 4.18291e-06, 2.37117e-06, 7.41044 
65711.2, 0.751652, 8.15598e-06, 3.46261e-06, -3.0586 
21019, 1.6128, 5.49801e-06, 1.44088e-06, -0.0161294 
86078.9, 1.21048, 5.64168e-06, 3.64546e-06, 8.12689 
45845, 0.66869, 2.32299e-07, 6.03057e-06, -18.1606 
26985.3, 0.612063, 6.90977e-07, 4.92534e-06, -2.9448 
79796.4, 0.812864, 4.22189e-06, 1.18627e-06, -2.03115 
34467.2, 0.874705, 5.80475e-06, 1.57153e-06, 3.42313 
76616.7, 1.13002, 4.91683e-07, 6.47374e-06, 31.4374 
46429.2, 1.09599, 6.3995e-07, 4.36346e-06, 19.5713 
99937.9, 1.58658, 8.3149e-06, 9.85921e-06, 26.7996 
52322.4, 1.65371, 2.52638e-06, 3.7946e-06, 23.4322 
77469.4, 0.794562, 6.64546e-06, 7.81339e-06, -15.0729 
83192.3, 0.777996, 6.82167e-06, 4.25939e-06, -9.47613 
42462.6, 1.35975, 7.09524e-06, 4.69985e-06, 5.46857 
84083.9, 0.889648, 1.25192e-06, 5.71251e-06, 11.9501 
10521.6, 1.29713, 2.25486e-06, 5.9058e-06, 1.24768 
23227.8, 1.06007, 4.54202e-06, 4.6067e-06, -8.26263 
56788.8, 1.15908, 6.51322e-06, 9.65215e-06, 11.869 
50759.8, 1.38328, 5.71029e-06, 4.98747e-06, 11.9678 
82193.5, 0.87588, 7.94386e-06, 9.42262e-06, -16.4255 
92087.1, 0.625696, 3.5367e-06, 3.77455e-06, -5.20779 
5476.45, 0.976336, 8.31755e-07, 1.36896e-07, -5.20779 
460.632, 1.4511, 6.76677e-06, 4.12019e-06, 26.0343 
95395.4, 1.01441, 8.28272e-06, 2.35513e-06, -8.61565 
34685.5, 0.912237, 9.83834e-06, 6.24932e-06, -5.60116 
32075, 1.64492, 8.99191e-06, 1.73702e-06, -1.44494 
91015.7, 0.892867, 9.23783e-06, 5.19579e-06, -12.3277 
6496.27, 0.95049, 8.61576e-06, 6.64388e-06, 6.48511 
99258.6, 1.08518, 7.19766e-06, 9.73082e-06, 14.1322 
98828.8, 1.00447, 7.32363e-06, 1.48514e-06, -5.48576 
59667.9, 0.836994, 4.96372e-06, 5.11639e-06, -12.5848 
80964.9, 1.37047, 3.34031e-06, 5.58704e-06, 22.7647 
69016.1, 1.42985, 9.41307e-06, 1.40633e-06, -4.32604 
76005.5, 1.63529, 8.72518e-06, 2.19142e-06, 9.13461 
52203.6, 0.943129, 3.36525e-06, 1.96269e-06, -8.20745 
58626.8, 1.05814, 1.95318e-06, 9.87872e-06, 20.2516 
85123.7, 1.36951, 4.34156e-06, 3.39408e-06, 15.4384 
47721.8, 1.69871, 5.03199e-06, 9.19756e-06, 26.018 
66261.1, 0.666558, 5.41503e-06, 2.93298e-06, -0.374653 
35352.8, 0.974714, 2.84707e-06, 3.96862e-06, -12.8654 
22660.6, 0.681478, 1.44289e-06, 4.66758e-06, -6.33493 
22402.9, 1.15851, 2.48733e-06, 6.27496e-06, 5.66577 
33123.7, 1.20008, 3.56672e-06, 8.1374e-06, 11.8429 
3979.14, 1.49037, 1.79217e-07, 1.6071e-06, 3.44732 
86947.7, 1.31931, 3.57484e-06, 4.99949e-06, 20.3762 
40790.8, 1.0572, 6.87552e-06, 4.45545e-06, -9.27298 
32332.7, 0.832904, 9.21742e-06, 3.43703e-06, 1.73725 
79042, 0.819713, 9.30619e-06, 4.43302e-06, -7.96384 
24401.2, 0.85892, 2.78878e-06, 4.02964e-06, -8.10715 
79894.7, 1.6974, 6.93171e-06, 2.61674e-06, 15.3507 
94417.1, 0.930088, 4.8951e-06, 1.40177e-06, -6.60678 
26821.3, 1.35661, 6.96156e-07, 4.80742e-06, 23.6838 
98614.1, 1.59689, 3.68067e-06, 7.0989e-06, 30.9545 
29185.9, 0.656536, 2.95363e-06, 3.54118e-06, 1.03123 
26184.3, 1.4308, 6.55093e-06, 4.15483e-06, 0.068925 
49439.7, 1.55864, 8.91575e-07, 3.7027e-06, 29.8367 
63600.4, 1.68607, 9.90813e-06, 6.52631e-06, 19.0334 
37752.1, 1.24094, 3.92136e-06, 5.10468e-06, 7.90404 
90333.2, 1.30027, 3.38115e-06, 8.19605e-06, 25.6104 
92777.2, 1.60371, 7.61466e-06, 2.46388e-06, 13.2423 
22516.7, 1.6064, 8.918e-06, 8.80601e-07, 8.00924 
34065.5, 1.6954, 3.16832e-06, 9.55386e-06, 27.2975 
17089.7, 1.18582, 6.9408e-06, 7.80255e-06, -8.28766 
5015.52, 0.629037, 8.54766e-06, 5.86154e-06, 21.949 
30734.8, 0.938484, 4.68347e-06, 3.90217e-06, -7.01393 
43040.4, 0.708335, 8.46906e-06, 6.36509e-06, -2.98638 
27477.5, 0.873744, 7.5853e-06, 4.76647e-06, -2.53777 
28070, 1.41919, 4.87693e-06, 7.44121e-07, 3.91929 
76058.1, 1.43949, 2.47091e-07, 9.68226e-06, 49.5694 
74293.7, 1.57301, 9.92074e-06, 2.7904e-06, 8.55296 
98913.4, 1.22357, 5.62323e-07, 3.88244e-06, 31.1563 
41822.7, 1.35077, 4.96676e-07, 9.94507e-06, 37.2044 
57099.1, 1.4261, 4.52349e-06, 1.77397e-06, 3.77082 
40042.4, 0.767087, 9.16375e-06, 7.54445e-06, -5.56749 
98369.2, 1.21341, 8.34174e-06, 4.33441e-07, 4.41168 
50033, 0.927834, 2.20163e-06, 4.47687e-06, -6.31382 
36260.8, 0.677236, 3.01899e-06, 4.74912e-07, 16.2534 
44400.7, 1.62283, 4.47788e-06, 3.80382e-07, 4.14074 
35968.8, 1.07912, 5.36239e-06, 5.93325e-06, -10.2235 
76231.9, 0.698323, 4.29235e-06, 6.66075e-06, -13.3978 
9061.97, 1.0095, 8.96883e-06, 5.3665e-07, 26.5895 
2203.41, 1.45735, 9.48276e-06, 3.12559e-06, 17.7648 
47163.7, 0.608799, 4.06496e-06, 8.47724e-06, -4.39891 
57263, 1.55299, 5.62965e-06, 4.97885e-06, 17.7369 
29539.6, 0.646964, 6.91514e-06, 8.95858e-06, -0.578838 
75003, 1.29563, 7.63866e-07, 5.26125e-06, 31.6097 
84206.3, 1.18093, 3.93364e-06, 5.05159e-06, 14.9251 
12967.4, 0.761554, 4.29183e-07, 3.48412e-06, -10.8437 
27940.8, 1.45685, 8.16732e-06, 1.37337e-06, 2.22058 
95918.7, 0.79139, 1.84872e-07, 4.01595e-06, 2.31482 
66650.4, 1.4076, 1.16222e-06, 9.92516e-06, 36.2304 
11466.6, 0.758026, 3.33008e-06, 3.5017e-06, 4.13508 
77031.7, 0.941469, 2.58282e-06, 4.2305e-06, 2.34188 
85681.8, 1.04033, 2.72681e-07, 8.48516e-07, 8.89978 
42599.4, 1.46991, 1.54338e-06, 3.52863e-06, 21.1817 
86820.7, 1.40628, 8.70237e-06, 1.98691e-06, 1.35257 
38841.9, 1.68123, 1.93989e-06, 3.20164e-06, 21.7877 
8715.52, 0.884339, 2.01338e-06, 6.73761e-06, -7.31735 
98427.7, 0.772559, 5.64413e-07, 8.284e-07, -13.6665 
49812.6, 0.895922, 1.55325e-06, 1.97729e-06, -13.1673 
11904.2, 0.605522, 2.87449e-06, 9.54592e-06, 4.33155 
159.514, 1.64264, 2.77407e-06, 7.21019e-06, 21.6954 
63112.7, 1.31655, 9.63292e-06, 7.60263e-06, 11.6226 
75331.9, 1.03706, 2.38601e-06, 3.13234e-06, 5.58803 
36135.2, 1.51351, 1.98829e-06, 5.93787e-07, -3.36344 
4697.91, 1.4388, 9.28092e-06, 6.43913e-06, 4.61165 
80427.3, 1.10839, 4.36792e-06, 3.94929e-06, 6.64794 
84390.2, 1.43284, 5.78701e-06, 9.41664e-07, -5.35828 
6123.29, 1.40475, 7.26693e-06, 2.88166e-06, 7.80602 
97895.4, 1.60668, 4.0422e-06, 6.15557e-06, 28.9327 
10229.8, 0.82147, 6.39976e-06, 5.38441e-06, 4.64544 
24774.4, 1.3214, 6.4998e-06, 9.4117e-06, 7.67692 
73281.5, 1.17733, 4.21521e-06, 7.49391e-06, 17.0113 
47845.6, 1.21705, 3.14507e-06, 4.37283e-06, 10.4508 
96575.9, 1.07446, 3.21443e-06, 9.43117e-06, 20.9192 
16456.5, 0.679919, 3.0305e-06, 3.01691e-06, 5.94587 
18346.2, 0.860031, 9.68156e-06, 9.86521e-07, 18.3846 
3371.31, 0.86876, 4.60075e-06, 4.59721e-06, 11.7895 
98067.6, 1.2514, 3.25802e-06, 3.6282e-07, -2.10182 
46593.3, 1.42876, 7.5282e-06, 3.10583e-06, 2.14926 
63838.4, 1.25641, 2.248e-06, 7.59606e-06, 24.0047 
15921.3, 1.36528, 3.86503e-06, 2.62063e-06, -4.33589 
17702.9, 0.807146, 7.50888e-06, 1.44954e-06, 14.022 
50467.8, 1.52973, 7.49966e-06, 1.82469e-06, -0.681892 
37126.5, 0.992648, 3.1964e-06, 6.22431e-06, -3.51988 
68857.5, 1.3037, 7.83385e-06, 9.0344e-06, 16.2642 
57501.5, 1.47681, 8.22112e-07, 6.59058e-06, 35.4729 
10820, 0.730758, 6.02288e-06, 7.90322e-06, 3.10697 
74522.5, 0.70012, 8.89248e-06, 3.17141e-06, -0.222756 
34862.6, 0.798203, 2.99097e-07, 1.08989e-06, -11.9543 
65827.4, 0.971801, 2.33409e-06, 7.36809e-06, 12.379 
15178.5, 1.48536, 1.9299e-06, 1.22418e-06, -3.00711 
96899, 0.921919, 3.80159e-06, 6.41459e-06, 6.27119 
71630.1, 1.20153, 6.31269e-06, 6.79833e-06, 12.4359 
33945.4, 1.20778, 1.69957e-06, 5.96858e-06, 16.2331 
18703.8, 1.34665, 9.40161e-06, 7.02441e-06, -6.58999 
57227.3, 1.09831, 3.41741e-06, 9.31852e-06, 15.8754 
45943.1, 1.68962, 6.29733e-06, 7.19439e-06, 21.1945 
97739.5, 1.63953, 6.78108e-06, 1.53317e-06, 10.3671 
77809.7, 0.787169, 5.72056e-06, 2.4438e-06, -5.5351 
67101.1, 1.3795, 4.14844e-06, 1.95242e-06, 6.7572 
59994.1, 0.848156, 8.0823e-06, 9.29662e-06, -14.0858 
94150.5, 1.18248, 1.60173e-06, 2.7392e-07, -14.0858 
69571.5, 1.69945, 4.19049e-07, 7.46228e-06, 48.444 
89256.7, 1.25376, 5.01173e-06, 7.24844e-06, 19.4642 
98257.6, 1.58769, 4.82078e-06, 8.03612e-06, 29.5727 
62426.5, 1.48106, 6.75166e-06, 4.83012e-06, 14.788 
65514.9, 1.39905, 1.33385e-06, 4.6821e-06, 27.5718 
24569.8, 1.67439, 8.47064e-06, 9.48433e-06, 14.7228 
19600.7, 1.08466, 5.15141e-07, 1.78335e-06, -7.92558 
1082.3, 1.12475, 8.4557e-06, 2.51479e-06, 28.2011 
13778.2, 1.1456, 6.07524e-06, 4.71836e-06, -2.68434 
73930.6, 1.61333, 6.33845e-06, 8.39352e-06, 25.5094 
79637.2, 1.13271, 9.17269e-06, 8.16094e-06, 8.65747 
47094.2, 1.21918, 2.18666e-06, 4.13334e-06, 13.4857 
75840.4, 1.07319, 1.4621e-06, 1.59838e-07, 13.4857 
68569.3, 1.62467, 8.32577e-06, 3.43427e-06, 13.315 
30278.6, 0.768567, 7.03377e-06, 1.86099e-06, 7.44728 
39926.9, 0.719564, 1.91634e-06, 9.23839e-06, -18.0882 
54185.7, 1.67693, 5.97186e-06, 6.80365e-06, 22.4273 
12886.9, 1.34574, 8.39012e-06, 1.79883e-06, 7.24426 
86214.3, 1.38752, 7.44485e-06, 9.30831e-06, 21.5211 
4540.06, 0.949608, 7.9566e-06, 2.38991e-06, 18.3624 
6456.33, 0.857461, 1.0808e-06, 9.36873e-06, -11.8092 
78339.9, 1.53446, 4.00982e-06, 1.68917e-06, 12.0159 
13534.4, 1.11742, 8.77852e-06, 3.73944e-06, 3.07134 
48109, 1.24494, 5.16951e-06, 4.04205e-06, 4.1128 
98114.3, 1.63693, 5.2826e-06, 1.88742e-06, 15.3246 
73475.1, 1.45514, 3.15317e-06, 1.03867e-06, 4.56497 
66414.9, 0.903655, 6.85778e-06, 9.57777e-06, -11.0059 
26059, 1.23608, 8.67509e-06, 6.92524e-06, -8.42969 
52576.8, 1.08957, 6.27654e-06, 8.26817e-06, 5.84322 
31367.2, 1.32013, 7.63287e-06, 9.76081e-06, 9.13137 
59266.3, 0.830687, 6.23161e-06, 5.47732e-06, -11.1097 
8158.42, 1.00369, 1.21914e-06, 8.79021e-06, -12.6587 
25034, 1.25985, 2.78075e-06, 7.73872e-07, 1.05321 
22898.4, 1.13814, 5.47685e-06, 9.95457e-06, -0.240789 
64652, 0.604394, 1.71853e-06, 7.35074e-06, -10.6114 
99137.8, 1.53508, 6.08858e-06, 6.08664e-07, -3.52442 
36352.3, 1.05608, 5.27632e-06, 1.79279e-06, -2.33855 
68218.5, 1.38116, 1.52587e-06, 2.91433e-06, 21.6032 
66061.8, 1.49586, 8.20266e-06, 8.9705e-06, 20.2712 
49154.5, 0.650111, 6.70761e-06, 2.16858e-06, 7.93449 
18181.3, 1.32896, 3.45553e-06, 2.10263e-06, -4.22276 
36604.4, 1.58849, 3.17856e-06, 2.2432e-06, 10.7147 
18952.7, 1.32514, 6.24636e-06, 8.85534e-06, 3.60195 
67601.5, 1.42631, 2.71825e-06, 8.0593e-06, 27.7783 
77404.7, 1.30999, 5.3479e-07, 6.10604e-06, 36.3006 
23333.9, 0.603067, 1.74631e-06, 2.47957e-06, 9.23575 
34568, 1.65415, 9.33488e-06, 8.02286e-06, 15.0574 
10397.4, 1.11287, 8.096e-06, 3.07045e-06, 6.56722 
26106.6, 1.53338, 4.84996e-06, 4.64393e-06, 9.68228 
65917.7, 1.30243, 3.97309e-06, 2.87255e-06, 9.28216 
42151.7, 1.24821, 9.49606e-06, 1.07382e-06, 4.199 
88443.4, 0.734949, 3.0073e-06, 2.89578e-06, -11.4407 
66913.5, 0.805194, 7.55276e-06, 8.14467e-07, 8.27632 
43538.3, 1.17391, 3.91828e-06, 5.06803e-06, 6.64963 
40316.8, 1.40404, 5.13203e-06, 2.28839e-06, -0.938309 
55767.7, 1.69287, 6.73102e-06, 9.63108e-06, 25.1898 
38887.8, 0.756394, 6.25902e-06, 1.88424e-06, 4.60898 
38978.8, 1.22553, 9.00292e-06, 5.62431e-07, 10.5777 
42450.2, 1.37713, 4.60385e-06, 7.26279e-06, 16.337 
86324.7, 0.925031, 5.88168e-06, 1.6335e-06, -5.83684 
24899.5, 1.29136, 6.05589e-06, 6.39445e-06, 1.1805 
91272.2, 1.6887, 9.08353e-06, 2.06487e-06, 11.3556 
41746.2, 1.06722, 3.3501e-06, 2.56609e-06, -10.4246 
82351.7, 1.05302, 5.88936e-06, 8.62963e-06, 11.3076 
93595.3, 1.27986, 2.21931e-06, 3.72874e-06, 21.1675 
8798.97, 0.956346, 1.34757e-06, 5.18865e-06, -9.38858 
50702, 0.977901, 4.31516e-06, 8.12988e-06, 2.52522 
92328.6, 1.2209, 8.04154e-06, 6.543e-06, 12.9224 
22240.9, 1.15417, 1.21333e-06, 9.9974e-07, -5.96812 
65088.1, 1.19355, 4.72042e-06, 3.87475e-06, 6.71604 
31394.3, 1.03276, 1.04065e-06, 8.9173e-06, 16.919 
5769.92, 1.46056, 3.94219e-06, 5.34545e-07, 18.5667 
56639.1, 1.07815, 8.22766e-06, 5.5481e-06, -11.1735 
73706.4, 1.44189, 3.49994e-06, 4.46405e-07, -2.46814 
34986.2, 0.718255, 2.35339e-06, 8.11322e-06, -14.3222 
41087.7, 0.80101, 8.70912e-06, 9.40573e-06, -9.15576 
33030.8, 0.917025, 9.89933e-06, 8.36391e-06, -7.79268 
51499, 1.08729, 2.12623e-06, 3.99458e-06, 8.62708 
28182.6, 0.857266, 2.58338e-07, 7.98179e-06, 8.90431 
81106.4, 1.6197, 8.14898e-06, 3.16036e-06, 14.2179 
33296.7, 0.924177, 8.63726e-06, 3.09684e-06, -0.0603728 
63721.9, 0.623256, 9.75898e-06, 2.70949e-06, 9.1971 
92878, 0.965025, 4.36318e-07, 9.17975e-06, 30.0464 
49691.3, 1.54765, 8.69433e-06, 7.77254e-06, 16.6911 
70901.4, 0.729171, 7.42939e-06, 3.62274e-06, -4.03638 
99019, 1.6435, 6.68804e-06, 5.6476e-06, 24.5017 
73156.9, 1.56351, 7.01835e-06, 8.70266e-06, 23.8375 
65007.4, 0.799283, 5.78074e-06, 7.14351e-06, -14.1236 
19200, 0.958373, 3.96906e-06, 4.8645e-07, 14.756 
23723, 0.671194, 4.02367e-06, 4.96419e-06, 0.67537 
13659.2, 1.38075, 3.89607e-06, 1.35768e-06, 2.93478 
24307, 0.842619, 1.38393e-06, 9.78229e-06, -9.57094 
48404.4, 1.33707, 4.42133e-06, 7.55454e-06, 17.3651 
22312.9, 1.41391, 6.97897e-06, 4.90992e-06, -1.77089 
25171.5, 1.20847, 1.50072e-06, 8.94088e-06, 18.6888 
12347, 0.95516, 1.19421e-06, 7.96979e-06, -11.9778 
42888.9, 0.986195, 3.75005e-06, 3.51083e-06, -11.4452 
8548.17, 0.980553, 5.11773e-06, 7.31258e-06, -1.73059 
8597.06, 0.694341, 4.10858e-06, 8.19058e-06, 3.39038 
1195.42, 1.10547, 2.46319e-06, 5.885e-06, 9.23195 
96772.8, 1.61182, 5.66334e-06, 2.86346e-06, 18.2261 
37189.4, 1.4664, 4.86327e-06, 3.46754e-06, 8.0478 
59924.7, 1.36199, 5.57396e-06, 3.0045e-06, 6.79483 
16924.4, 0.887652, 4.61973e-07, 3.89055e-06, -17.2788 
67905.7, 1.6515, 1.63116e-06, 8.00838e-06, 36.7596 
77841.6, 0.904797, 7.88299e-07, 7.74383e-06, 19.0809 
90846.5, 1.59073, 8.1356e-06, 1.61137e-06, 6.92411 
18278.3, 0.885418, 9.59065e-06, 3.68108e-06, 5.16457 
9708.14, 1.60501, 8.81237e-06, 5.81981e-06, -1.84488 
67325, 1.14162, 4.5855e-06, 6.51996e-06, 12.3266 
36931.1, 1.66902, 3.84595e-06, 1.13066e-06, 1.74366 
13371.9, 0.620549, 4.17081e-06, 3.42504e-06, 14.2384 
43148.7, 0.99492, 3.69573e-07, 4.37718e-06, 17.5572 
62241.6, 1.15271, 7.5727e-06, 5.55969e-06, 2.67454 
32179, 1.32247, 2.51141e-06, 4.31402e-06, 11.876 
21425.8, 1.22618, 4.57525e-06, 3.03158e-06, -5.62163 
60449.1, 1.55599, 4.73769e-06, 5.24089e-06, 20.4784 
27238.7, 1.22259, 3.29965e-06, 5.43688e-06, 5.69961 
35263.7, 1.67335, 7.78838e-06, 6.19014e-06, 14.7586 
97446.1, 1.59992, 1.94222e-07, 2.08297e-06, 43.6192 
87190.6, 1.00181, 5.08049e-06, 9.32151e-07, -2.91548 
58283.5, 0.85153, 5.28511e-07, 5.12689e-07, -8.94993 
1487.1, 1.62529, 3.81812e-06, 2.26198e-06, 15.4348 
12459.2, 0.673677, 9.60121e-06, 5.97824e-06, 11.359 
99422, 0.910878, 8.11795e-06, 4.93769e-06, -14.0166 
55967.1, 0.770289, 4.35331e-06, 7.34131e-06, -14.5986 
76730.2, 1.12238, 3.73695e-06, 6.88974e-07, -3.39772 
56997.7, 0.898082, 3.98424e-06, 6.66875e-06, -13.7227 
94667.5, 1.46409, 7.46161e-07, 1.27223e-06, 24.1239 
74413.4, 1.18892, 4.93756e-06, 2.14685e-06, -4.5694 
73873.4, 1.56056, 2.66814e-06, 8.71532e-06, 32.3171 
61948.5, 1.27158, 9.86134e-06, 8.82111e-06, 11.3378 
96986.1, 1.54541, 2.63009e-06, 3.31333e-06, 25.2298 
23633.3, 1.42744, 7.82396e-06, 4.55946e-06, -3.56598 
75037.2, 1.02852, 7.59476e-06, 1.37888e-06, -2.35684 
76675.5, 1.59314, 7.5712e-06, 7.99382e-06, 23.4005 
44957.1, 1.33129, 8.46582e-07, 8.64275e-06, 31.9973 
76136.3, 1.4537, 6.1624e-06, 5.70177e-06, 18.8026 
84452.6, 1.48238, 2.68465e-06, 8.9808e-06, 32.1252 
16875.6, 0.968437, 2.63968e-06, 6.90345e-06, -12.2234 
20567.1, 1.36876, 5.50501e-06, 1.09892e-06, 4.44676 
23874.1, 1.21075, 4.48352e-06, 9.90705e-07, 3.86863 
34220.1, 0.763014, 8.97983e-06, 7.82194e-06, -4.56396 
88952.7, 0.710977, 1.82517e-06, 3.58052e-06, -15.9435 
63343.3, 1.27466, 3.374e-06, 5.96137e-06, 18.3564 
20303.5, 0.940918, 1.68658e-06, 5.64009e-06, -14.584 
12175.3, 0.689225, 3.83473e-06, 7.67715e-06, 0.703413 
34326.7, 0.771182, 7.96665e-06, 3.35689e-06, 1.96946 
14832.3, 1.39855, 2.6928e-06, 8.44884e-06, 12.8282 
9863.46, 0.715225, 7.17981e-06, 9.98712e-06, 4.04705 
1990.47, 1.41195, 9.8177e-06, 9.4662e-06, 9.33794 
23989.9, 1.17825, 7.10226e-06, 5.24417e-06, -7.42635 
62127.3, 0.898711, 7.87683e-06, 5.32301e-06, -10.7529 
56668.5, 0.720587, 7.53794e-06, 4.33214e-06, -3.31623 
31572.9, 1.44388, 8.18234e-06, 4.6176e-06, 2.23155 
46091.9, 1.3235, 5.83235e-06, 7.41488e-06, 13.5035 
28086.6, 1.348, 5.36058e-06, 6.41636e-07, 6.58601 
69252.6, 1.22945, 4.09452e-06, 8.40279e-06, 19.5983 
17861.9, 1.46136, 2.03836e-06, 6.46344e-06, 16.3004 
79141.8, 0.651285, 5.14325e-06, 3.55548e-06, -3.01938 
61272.8, 0.752728, 9.14359e-07, 6.55408e-06, -20.4055 
58985.2, 1.52445, 8.09122e-06, 8.66775e-06, 19.6217 
44254.9, 0.733434, 6.38529e-06, 3.4013e-06, -0.806789 
96470.2, 1.19848, 2.83306e-06, 4.24722e-06, 18.1598 
6652.87, 1.06485, 5.51627e-07, 3.30659e-06, -10.7386 
62536.9, 1.45843, 2.26398e-06, 9.28419e-06, 30.6651 
15729.2, 1.52257, 6.39114e-06, 4.54796e-06, -1.78598 
31919.7, 0.728484, 8.06812e-06, 2.01591e-06, 9.01617 
51945.2, 1.38522, 5.7652e-06, 1.2851e-06, -4.6125 
19785.5, 0.903192, 5.99131e-06, 8.3008e-06, -7.33047 
89535, 1.15182, 9.67059e-06, 3.08052e-06, -10.3716 
548.917, 0.845643, 3.85331e-06, 6.95563e-06, 22.6276 
93208.7, 1.55418, 7.20694e-07, 4.04849e-07, 14.7049 
17672.8, 1.35505, 4.79868e-06, 3.24782e-06, -5.27119 
61648.8, 1.14336, 9.46411e-06, 6.82747e-06, 1.862 
57899.3, 1.25807, 8.52095e-06, 8.875e-06, 11.8213 
21818.4, 1.3781, 8.76481e-06, 6.13007e-06, -4.34967 
772.997, 1.07609, 9.79218e-06, 1.71155e-06, 36.4687 
71235.3, 1.12395, 7.64494e-06, 2.81496e-06, -9.80186 
48931.7, 1.67923, 1.98016e-06, 2.90811e-06, 22.7665 
87756.3, 0.850632, 8.43933e-06, 9.64267e-06, -17.1642 
32406.5, 0.750626, 5.753e-06, 5.99326e-06, -5.05012 
50403.6, 1.53943, 3.9908e-06, 5.34567e-06, 20.1533 
13443.6, 1.12058, 8.59215e-06, 6.06302e-06, -1.52296 
93167.9, 1.11421, 6.83538e-06, 9.72344e-06, 15.172 
71152.8, 1.57427, 3.81326e-07, 7.57293e-06, 46.8591 
38242.8, 0.816385, 9.19969e-06, 5.57082e-06, -3.83744 
63258.8, 1.47054, 2.86264e-06, 3.25601e-07, -3.83744 
68529, 1.56449, 7.67115e-06, 7.52381e-06, 21.0604 
37332, 1.17982, 3.55439e-06, 3.61156e-06, -0.802029 
18485.5, 0.624907, 8.21212e-06, 3.7691e-06, 15.0394 
88663.8, 1.21237, 2.2262e-06, 2.65011e-06, 14.7375 
2823.64, 1.69089, 7.44215e-06, 8.432e-06, 3.37476 
54377.1, 0.630123, 2.1763e-06, 8.08591e-06, -11.8361 
16114.7, 1.46785, 5.58075e-06, 8.89913e-06, 8.49052 
31498.8, 1.54648, 8.01854e-06, 2.63102e-06, -2.31071 
70434.2, 1.63038, 9.90405e-07, 8.68816e-06, 41.6455 
29882.8, 1.09659, 2.2789e-06, 7.32748e-06, 9.76199 
81128.8, 1.03917, 3.69753e-06, 2.70525e-06, -5.1941 
72821.8, 1.60768, 4.79281e-06, 6.35571e-06, 25.091 
84273.9, 0.934373, 1.07566e-06, 6.03585e-07, -10.3861 
88296.6, 0.914649, 1.77617e-06, 6.29209e-06, 12.7289 
79967, 0.871068, 8.80495e-06, 5.03655e-06, -10.9005 
9942.36, 0.621824, 9.942e-06, 8.20692e-06, 14.8706 
56204.2, 0.946024, 5.6185e-06, 7.99654e-06, -6.85327 
5879.39, 0.810826, 1.10421e-06, 5.09426e-06, -3.85308 
45059.4, 0.965733, 8.92907e-06, 2.96673e-06, -2.75051 
2919.42, 1.68411, 3.90523e-07, 2.42747e-06, 4.72179 
41432, 0.809947, 9.00779e-06, 2.94591e-06, 1.4727 
36810.6, 1.16066, 2.06913e-07, 2.5192e-06, 22.3402 
4085.4, 1.47838, 3.08379e-06, 3.34155e-06, 2.32913 
33534, 1.26364, 1.50426e-06, 6.99218e-06, 20.6963 
80270.6, 1.41138, 1.04926e-06, 8.11797e-06, 36.9164 
40527.6, 1.53697, 8.65825e-06, 9.00321e-07, 2.92948 
9687.36, 0.658354, 5.29368e-06, 2.12256e-06, 19.6869 
27761.7, 1.54337, 6.84404e-06, 4.26998e-06, 5.60212 
41229.1, 0.640566, 3.75373e-06, 8.73281e-06, -7.42571 
94812.3, 0.820947, 3.23121e-06, 8.59468e-06, 2.16441 
77222.7, 1.62124, 2.41003e-06, 8.0522e-07, 10.4086 
19352.5, 1.50105, 4.05778e-07, 9.02752e-06, 34.7876 
70759.1, 1.63884, 4.24499e-06, 2.75025e-06, 17.9691 
6984.18, 1.30943, 7.62784e-06, 4.89579e-06, 3.06689 
10952.6, 0.944302, 4.13791e-06, 3.29058e-06, 2.29609 
68082.8, 1.27601, 6.65743e-06, 5.74287e-06, 11.8844 
90512, 1.26946, 6.86189e-06, 1.93591e-06, -2.78693 
12731.9, 0.811525, 2.11162e-06, 6.08687e-06, -7.54514 
1597.12, 1.28522, 9.2992e-07, 9.22273e-06, -5.9718 
67361.7, 1.29212, 4.91788e-06, 8.68229e-06, 19.8 
83772.3, 1.63292, 2.37075e-06, 9.34399e-06, 36.4667 
78071, 1.58306, 4.31388e-06, 4.08505e-06, 21.7662 
91545.9, 1.5784, 7.23068e-06, 7.28516e-06, 24.2886 
10297.1, 0.951313, 8.25694e-06, 3.19942e-06, 8.90929 
91320.5, 0.993189, 6.03284e-06, 6.78403e-06, 5.40242 
81608.7, 1.04608, 8.40372e-06, 4.74186e-06, -10.6268 
3603.23, 0.849279, 5.3248e-06, 9.8021e-06, 6.05997 
59237.3, 1.16948, 3.59974e-06, 6.48134e-06, 14.4536 
82317.3, 1.48572, 4.491e-07, 4.28189e-06, 39.4018 
53337.3, 0.678236, 1.83947e-06, 1.31177e-06, 0.269072 
23479.9, 1.34929, 1.73416e-06, 1.62172e-06, -2.52319 
21702.3, 1.18498, 1.5905e-06, 9.38263e-06, 16.3565 
77587, 1.38905, 4.28423e-06, 8.92516e-06, 25.1522 
65588.8, 1.11968, 5.18338e-06, 4.86505e-06, 5.20372 
21183.8, 1.60119, 6.06726e-06, 4.10436e-06, 5.00088 
50627.1, 1.64113, 2.94316e-06, 4.52558e-06, 23.332 
29743.1, 1.35746, 5.77411e-06, 9.60104e-07, 2.98612 
73777.1, 1.02147, 3.88629e-06, 8.4286e-06, 12.7143 
21292.7, 0.845117, 3.05492e-06, 8.22819e-06, -12.3348 
6300.02, 1.4596, 7.05734e-06, 2.66008e-06, 7.60085 
7624.82, 0.987363, 1.61226e-06, 1.52233e-06, 3.69302 
55449.8, 0.827259, 8.40106e-06, 4.34283e-06, -5.78586 
39573.7, 1.53921, 4.46054e-06, 7.51201e-06, 20.2225 
64556.6, 1.10103, 2.22103e-07, 7.91112e-06, 35.6089 
56295.7, 0.802797, 7.29665e-06, 6.77032e-06, -10.5529 
78422, 1.0268, 4.70713e-06, 8.21801e-06, 11.3109 
37883.7, 0.953804, 8.62486e-06, 3.83407e-06, -3.74411 
26382.4, 0.66289, 3.728e-06, 3.35768e-06, 3.6516 
85039.4, 1.15448, 9.50452e-06, 9.76579e-06, 12.2238 
39371.4, 1.55999, 9.58063e-06, 3.25373e-06, 2.49592 
40252.3, 1.17157, 3.10156e-06, 9.11454e-06, 15.6768 
38498.1, 0.933125, 2.30639e-06, 1.01365e-06, -2.38025 
96611.3, 1.52099, 5.5269e-06, 6.30073e-06, 24.5785 
82775.7, 1.30415, 5.91825e-06, 2.87796e-07, 24.5785 
3876.29, 1.43517, 4.89977e-06, 5.15164e-06, 2.95382 
70383.4, 1.12287, 2.40686e-06, 1.4308e-07, 2.95382 
11531.4, 1.09268, 6.68108e-06, 6.12024e-06, -2.06359 
44802.4, 0.854143, 8.56357e-06, 3.66602e-06, -2.83763 
7345.34, 1.64941, 9.32052e-06, 4.82795e-06, 2.09948 
66470.4, 0.971745, 4.71571e-06, 1.03746e-06, -1.70032 
51817.8, 0.908574, 1.43509e-06, 5.73366e-06, 6.05206 
39273.4, 1.49417, 3.90494e-06, 9.5693e-06, 22.7107 
63832.3, 0.781067, 2.08429e-06, 9.49336e-06, -4.94857 
13921.7, 1.08214, 2.52979e-06, 7.26825e-06, -10.1749 
13842.9, 1.66296, 2.75119e-06, 7.04729e-06, 16.528 
26530.7, 1.33475, 9.51942e-06, 5.36648e-06, -6.84394 
77710, 0.793042, 2.97526e-06, 1.84663e-06, -8.66324 
5193.28, 1.4228, 8.84131e-06, 4.72778e-06, 6.24537 
5603.31, 1.28555, 4.20509e-06, 1.42891e-06, 11.5384 
29150.4, 1.10614, 4.18659e-06, 1.34485e-06, -0.106329 
84613.9, 1.26117, 8.60523e-06, 7.89234e-07, -0.00809127 
64009.5, 0.825988, 6.98551e-06, 2.95745e-06, -4.93118 
77303.8, 1.59186, 1.62297e-06, 4.1992e-06, 30.6038 
55309.5, 1.53244, 1.87057e-06, 8.53546e-06, 31.984 
79237.9, 1.28234, 5.34625e-06, 9.91984e-06, 21.6358 
90220, 0.731397, 9.06565e-06, 9.12411e-06, -12.9679 
25888.8, 1.47504, 2.60777e-06, 7.72816e-06, 19.894 
7266.54, 1.31235, 4.51361e-06, 7.3026e-06, -5.14296 
35760.4, 1.01795, 9.84531e-06, 7.07274e-06, -8.7673 
70725.3, 1.03417, 7.15287e-06, 9.96123e-06, 7.77472 
17509.8, 1.136, 8.86826e-06, 9.07905e-06, -7.26158 
72165.7, 1.49764, 2.88035e-07, 4.93132e-06, 43.1974 
64288.5, 1.63747, 3.29381e-06, 5.93699e-06, 27.1574 
85257.5, 0.975163, 7.84545e-06, 5.30697e-06, -13.9625 
60710.8, 1.47308, 2.10096e-06, 4.4504e-06, 24.2164 
20447.5, 0.601748, 9.10944e-06, 8.2445e-06, 9.95183 
31785.1, 0.990357, 5.26562e-06, 6.91226e-06, -12.2929 
50235.7, 1.23335, 2.02271e-06, 3.41371e-06, 13.1618 
75521.6, 1.55079, 7.3318e-06, 5.86606e-06, 19.6068 
42190.1, 1.42144, 9.39736e-06, 5.42861e-06, 6.15478 
90444.1, 0.632854, 8.90119e-06, 5.06155e-06, -1.70972 
53202.1, 1.02488, 4.67635e-06, 4.61036e-07, 6.71756 
30838, 1.64871, 4.7755e-06, 7.36352e-06, 19.3303 
86668.8, 1.24947, 9.02203e-06, 7.39355e-06, 13.3639 
94953.9, 0.753171, 5.95338e-07, 3.08399e-06, -22.6042 
95839.8, 1.19647, 2.03191e-06, 3.04932e-06, 17.4028 
54604.5, 0.618547, 9.56185e-06, 8.32112e-06, -0.020129 
35838.8, 1.6664, 2.32084e-06, 9.32216e-06, 29.6916 
19145.1, 1.40649, 4.13421e-06, 5.01961e-06, 4.34545 
78720.1, 1.55239, 2.43488e-06, 8.61941e-07, 9.44402 
44754.4, 0.762415, 1.0927e-06, 8.07787e-06, -20.7051 
15845.8, 0.660458, 3.55569e-06, 7.86843e-06, -0.36204 
75176, 1.5502, 4.41026e-06, 6.33781e-06, 24.9219 
18019.6, 1.26831, 7.4775e-06, 8.75485e-06, -5.69676 
25646.8, 0.71235, 1.43023e-06, 2.29402e-06, -3.08114 
51404.2, 0.919613, 2.61899e-06, 1.54788e-06, -7.509 
55114, 0.741487, 3.18728e-06, 9.15593e-06, -17.8153 
60174.6, 1.4685, 5.26192e-06, 2.01054e-06, 6.00363 
82573, 0.838138, 7.31162e-06, 6.96805e-06, -14.9366 
2421.3, 1.4872, 3.00053e-06, 3.2211e-06, 6.86099 
78019.3, 1.47428, 4.37528e-06, 9.25609e-06, 27.2986 
30018.2, 1.05466, 1.79089e-06, 8.59861e-06, 12.3022 
61749.1, 1.3329, 6.55863e-07, 6.5159e-07, 10.028 
10684.3, 1.31349, 3.03704e-06, 7.77935e-06, 2.68968 
69331, 0.767667, 6.80175e-06, 8.58238e-06, -13.9318 
92416.1, 1.21524, 5.82452e-06, 3.70943e-06, 9.11712 
16076.6, 0.839233, 8.57827e-06, 6.32203e-06, 1.32162 
45278.1, 0.846637, 8.37887e-06, 5.4484e-06, -6.62682 
30633.5, 1.21937, 7.10087e-07, 6.2046e-06, 23.1706 
95677.5, 0.952919, 5.44498e-06, 2.13938e-07, 23.1706 
30438.6, 0.915828, 9.40874e-07, 1.47719e-06, -10.7896 
97361.1, 0.962649, 5.23759e-06, 1.0585e-06, -4.1067 
80785.3, 1.04474, 8.82877e-06, 7.12055e-06, 1.64108 
75568.4, 1.34809, 8.01443e-07, 2.71814e-06, 26.3133 
62211.2, 1.28964, 2.81947e-07, 3.58509e-06, 33.0685 
26656.3, 0.856121, 8.64362e-06, 4.94779e-06, -1.11905 
53510.3, 0.789275, 1.14466e-06, 2.75548e-06, -16.1011 
45521.5, 0.981719, 8.78874e-06, 4.8065e-07, 13.8743 
39815.5, 0.824457, 8.55827e-06, 1.02183e-06, 11.1897 
60418.3, 0.840082, 4.43512e-06, 5.75764e-07, 6.79432 
26726.6, 0.783387, 8.86237e-06, 6.6294e-06, -1.73111 
1782.13, 1.30632, 6.89973e-06, 2.31823e-06, 20.8584 
57655.3, 1.14867, 5.08993e-06, 9.20188e-06, 13.76 
83236.5, 1.00089, 8.75636e-06, 2.43567e-06, -7.05876 
13161.4, 0.980976, 7.15946e-06, 2.74322e-06, 6.44559 
17936.9, 1.56912, 9.78268e-06, 3.85611e-06, -2.46722 
52417.7, 1.14357, 3.61269e-06, 5.09562e-06, 8.85364 
38413.8, 1.13436, 1.89293e-06, 9.44695e-06, 18.8471 
72588.6, 0.796416, 1.47967e-06, 5.12696e-06, -13.7764 
72945.1, 1.23361, 6.11022e-06, 7.20101e-06, 14.7756 
9150.93, 0.773532, 6.65411e-07, 1.11139e-06, 4.65776 
19987.7, 1.03152, 7.23896e-07, 3.32356e-07, 4.65776 
44318.7, 1.1743, 6.33041e-06, 6.69252e-06, 4.57177 
56072.7, 1.56686, 3.80471e-06, 5.26645e-06, 22.0404 
66582.6, 1.65931, 7.78057e-07, 3.80893e-06, 36.0317 
28422.6, 0.876663, 6.52285e-06, 1.64415e-06, 5.56801 
92150.6, 1.19466, 4.39831e-06, 8.07237e-06, 20.2463 
55940.2, 1.24141, 9.04789e-06, 1.65572e-06, -3.04092 
24595.8, 0.862835, 5.05571e-06, 4.17473e-06, -3.57392 
78531.4, 0.655802, 9.93141e-06, 1.29887e-06, 12.1494 
74117.6, 1.52875, 1.96431e-06, 7.28956e-06, 32.6645 
58720.2, 0.661379, 7.12681e-06, 7.22563e-07, 17.1403 
43865.4, 0.760397, 6.70194e-06, 1.17416e-06, 9.00197 
46810.5, 0.85205, 3.61612e-06, 2.84982e-06, -8.13844 
86508.4, 1.66771, 6.60086e-06, 7.01745e-06, 25.9766 
2091.02, 1.05978, 2.20957e-06, 5.33196e-06, 4.99892 
57968.1, 0.818475, 9.72371e-06, 7.24284e-06, -9.37815 
28602.2, 1.64819, 1.24037e-06, 7.00495e-06, 30.1406 
59534.7, 0.67588, 9.38288e-06, 8.35364e-06, -5.5375 
96103.8, 1.12872, 5.51714e-06, 7.92016e-06, 16.0283 
46738.9, 1.32975, 7.93017e-06, 7.32592e-07, 4.49029 
32681.3, 0.7245, 6.80806e-06, 6.56873e-07, 18.6254 
31991.2, 1.00035, 8.58071e-06, 3.15026e-06, -1.27189 
50315.7, 1.22755, 8.84544e-06, 2.16176e-06, -4.55741 
73391.7, 1.12625, 7.81664e-06, 2.36686e-06, -8.44174 
81275.8, 0.67408, 1.81026e-06, 3.71629e-07, 7.16067 
34891, 0.724175, 3.13727e-06, 8.94137e-07, 8.71546 
20588.8, 0.83524, 5.33703e-06, 7.95735e-06, -6.83871 
4908.59, 0.823089, 9.29918e-06, 8.45052e-06, 10.1156 
66020.6, 1.08824, 3.58846e-06, 1.28208e-06, -7.64381 
44564.9, 0.797345, 1.67909e-07, 8.55232e-06, 6.23791 
69825.8, 1.24621, 6.88733e-06, 7.73797e-06, 14.2751 
93393.4, 1.1679, 6.58693e-06, 5.91939e-06, 12.0238 
51679.3, 0.688991, 5.56544e-06, 4.75115e-06, -4.24133 
48803.1, 0.939368, 7.88203e-06, 8.09584e-06, -13.1434 
86751.1, 0.641415, 7.36929e-06, 5.63476e-06, -4.68569 
27798.8, 1.25469, 5.94954e-06, 4.18741e-06, -8.25033 
91743.6, 1.50332, 1.18045e-06, 1.91607e-06, 25.5448 
3587.36, 1.57181, 3.38058e-07, 3.11299e-06, 9.42325 
51074.7, 1.30138, 7.90154e-06, 7.62123e-06, 10.9467 
95029.5, 0.635907, 1.97297e-06, 1.97219e-06, -4.15773 
8366.05, 0.609926, 7.98544e-06, 3.0128e-07, -4.15773 
59750, 1.16305, 2.42503e-06, 2.77725e-06, 7.55141 
84906.5, 1.27877, 1.44863e-07, 8.46809e-06, 7.55141 
12994.5, 1.3926, 4.69746e-06, 1.38505e-06, 4.61027 
73550.1, 1.06992, 5.38552e-06, 8.14743e-06, 11.0915 
88746, 1.01077, 2.90408e-06, 1.17869e-06, -10.0927 
70948.1, 0.62714, 7.52143e-06, 8.77391e-06, -5.55862 
57743.8, 0.808115, 1.57905e-06, 1.46841e-06, -9.39192 
51212.8, 0.653652, 7.85837e-06, 1.56265e-06, 11.7517 
64187.4, 1.4524, 8.22317e-06, 9.69642e-06, 19.7171 
11105.7, 0.841581, 1.66485e-06, 3.21846e-06, -3.04739 
70042, 1.18672, 6.30525e-06, 7.51428e-06, 12.8072 
37440.3, 0.735974, 4.97718e-06, 2.26089e-06, 2.18872 
92595, 0.815225, 6.99094e-06, 8.73716e-07, 3.83666 
64853.2, 1.38608, 5.83787e-06, 7.70113e-06, 19.1505 
31071.9, 0.791868, 8.95444e-06, 8.79805e-06, -5.67964 
72454, 1.18349, 4.25755e-06, 5.58956e-06, 13.7425 
14889.8, 1.58182, 8.42717e-06, 7.45344e-06, 3.89914 
87546.3, 0.927046, 9.8028e-06, 6.65118e-06, -14.3223 
11886.9, 1.37415, 1.46728e-06, 8.16876e-06, 15.3642 
88530.7, 1.28838, 2.98521e-06, 2.18028e-06, 12.1279 
14031.4, 1.28384, 1.06749e-06, 7.48926e-06, 16.2579 
90621.8, 0.959545, 4.9868e-06, 4.23631e-06, -7.97277 
64828.8, 1.68334, 6.20375e-06, 3.65997e-06, 17.5665 
6235.27, 0.890554, 9.92876e-06, 2.34147e-06, 18.8435 
95291.4, 1.42456, 9.5138e-06, 1.42247e-06, -4.91872 
11621.1, 0.664203, 2.29301e-06, 2.06122e-06, 11.6858 
63184, 0.834096, 9.15988e-06, 5.31501e-06, -8.20845 
61846.6, 1.23803, 5.96235e-06, 6.02084e-06, 11.2258 
72040.5, 1.16485, 5.85929e-06, 3.69079e-06, 2.5317 
62977.6, 0.713744, 3.52008e-07, 3.78293e-06, -21.313 
84783.6, 1.47579, 4.61643e-06, 2.59101e-06, 14.6425 
71480.9, 1.50263, 7.66966e-06, 9.13613e-06, 21.9744 
94050.6, 1.21762, 2.93599e-06, 6.31601e-06, 22.3577 
219.159, 0.709385, 2.50187e-06, 3.49062e-06, 38.5186 
1694.79, 1.20548, 9.74433e-06, 9.06131e-06, 12.9291 
50147, 1.02918, 9.73746e-06, 6.07498e-06, -10.5299 
71534.2, 0.692796, 3.63024e-06, 1.33157e-06, 1.66404 
82042.9, 1.39375, 7.40021e-06, 1.53127e-07, 1.66404 
8014.74, 0.711782, 4.9556e-06, 7.03268e-06, 5.95714 
45678.8, 0.722587, 5.16099e-06, 5.83186e-06, -7.50025 
20157.1, 1.06927, 4.33141e-06, 2.5558e-06, -2.24592 
69050.7, 1.50024, 4.65727e-06, 4.5192e-06, 19.1415 
49549.7, 0.74766, 7.03935e-06, 2.88843e-06, 0.0257379 
45652.2, 1.44524, 6.45203e-06, 5.49351e-06, 12.4431 
63500.3, 0.737274, 5.14833e-06, 3.98898e-06, -7.41552 
17353.6, 0.966473, 5.31173e-06, 6.93848e-06, -6.81203 
58793.4, 1.39053, 7.65494e-06, 9.9791e-06, 18.2988 
74912, 1.02013, 9.27628e-06, 9.33619e-06, 2.48093 
21485.2, 1.52553, 5.5956e-06, 2.41756e-06, -3.66436 
4225.66, 0.983502, 7.69855e-06, 2.00078e-06, 19.6932 
95134, 0.739648, 5.85423e-06, 9.24004e-06, -17.4894 
37000.6, 1.57652, 9.56537e-07, 7.91691e-07, 10.2045 
58525.1, 0.828614, 7.6821e-06, 3.00013e-06, -3.53812 
46998.3, 1.55728, 2.60196e-06, 1.91865e-06, 12.9402 
54320.6, 1.00705, 5.20507e-06, 3.52235e-06, -11.1294 
53038.7, 0.755452, 7.406e-06, 4.57613e-06, -4.82543 
40378.9, 1.07189, 1.72256e-06, 6.09174e-06, 12.7196 
64065.9, 0.86648, 5.89979e-06, 2.02779e-06, -4.01522 
59591.8, 0.960145, 4.79201e-07, 5.94734e-06, 20.1824 
41294.4, 1.48987, 9.8855e-06, 7.18513e-06, 11.1237 
3421.18, 1.042, 5.3961e-06, 5.51375e-06, 8.27799 
18425.6, 1.59454, 2.32394e-06, 3.95138e-06, 13.131 
55436.8, 1.20708, 1.20178e-06, 2.64295e-06, 15.2131 
97695.2, 1.50748, 5.09113e-07, 3.76053e-06, 39.1619 
28483.6, 1.09163, 5.40612e-06, 2.04615e-06, -1.69513 
8393.97, 1.5189, 5.00175e-06, 4.62203e-06, -2.82252 
30102, 0.612214, 8.64895e-06, 9.71833e-07, 26.3842 
361.776, 1.49741, 7.38217e-06, 5.21202e-06, 26.4218 
7100.28, 1.29825, 6.56713e-06, 2.58364e-06, 7.5637 
79365.6, 1.52322, 9.55537e-06, 1.15112e-06, -3.74279 
29304.8, 0.895172, 1.8996e-06, 7.47338e-06, -8.63911 
35500.4, 1.48398, 7.48656e-06, 5.52259e-06, 9.11821 
82688.5, 0.606919, 6.1383e-06, 1.67725e-06, 9.49404 
99783.6, 1.56149, 7.60251e-06, 7.64388e-06, 24.7379 
93868.4, 0.888334, 6.6666e-06, 4.97311e-06, -14.7834 
89149.8, 0.613389, 1.37017e-06, 3.2389e-06, -7.59089 
24805.7, 1.53756, 1.31377e-06, 7.86762e-06, 27.1069 
7577.95, 0.93578, 9.87363e-06, 7.69206e-06, 5.27846 
34074.9, 0.99833, 9.37308e-06, 2.08509e-06, 2.65352 
88386.6, 0.687518, 7.07177e-06, 5.83887e-06, -8.77844 
97089.6, 1.61643, 7.79427e-06, 1.15851e-06, 3.85611 
32843.6, 1.61867, 9.43501e-06, 7.40946e-06, 12.7933 
7398.76, 1.67236, 7.35702e-06, 9.60703e-06, 3.08724 
60863.2, 1.37622, 8.81701e-06, 1.89647e-07, 3.08724 
87441.2, 0.961493, 7.2763e-06, 9.66086e-06, 5.14723 
93635.7, 1.56552, 1.53448e-06, 7.0616e-06, 37.2913 
11758.9, 1.47999, 1.38148e-06, 4.46752e-06, 11.902 
86545.6, 0.920601, 4.45017e-06, 3.14722e-07, 11.902 
26283.7, 0.963226, 5.74504e-06, 1.55424e-06, 4.0704 
38293.2, 0.631158, 4.10051e-06, 8.18299e-06, -4.62896 
9334.02, 1.41654, 2.80788e-06, 5.85344e-06, 1.8614 
93425.3, 1.3545, 1.29341e-06, 4.09118e-06, 28.6278 
45188.8, 0.806122, 8.37026e-06, 3.2785e-06, -0.824552 
22982.4, 0.755068, 9.42509e-06, 9.83949e-06, -2.43647 
28349.1, 1.50458, 5.86703e-06, 2.98537e-06, 0.81575 
30267.2, 0.639481, 1.42032e-06, 6.25821e-06, -7.75958 
74782.7, 1.01486, 1.01641e-06, 4.3861e-06, 17.0431 
6075.02, 1.56715, 7.13334e-06, 4.11737e-06, 3.3668 
69161, 1.11632, 4.7458e-06, 4.21846e-06, 4.69526 
4193.6, 1.59918, 5.78961e-07, 1.87491e-06, -1.57548 
57570.4, 0.609466, 4.24853e-06, 3.32701e-06, 3.30264 
8937.44, 0.881537, 2.7627e-06, 3.64215e-06, 0.896318 
20214, 1.2647, 7.77482e-06, 4.96814e-07, 15.8088 
67689, 1.09435, 8.73526e-07, 6.14425e-06, 24.4251 
37591, 0.973039, 7.75539e-06, 5.76404e-06, -8.64819 
70181.4, 1.36355, 3.35222e-07, 7.56667e-06, 42.5191 
93986.9, 0.870029, 4.38978e-06, 6.62169e-06, -2.96844 
27645.5, 0.779095, 5.55091e-06, 5.30166e-06, -3.81156 
97146.1, 1.19569, 1.75087e-06, 6.98421e-06, 27.3686 
75632.3, 1.28092, 3.0978e-06, 7.67005e-06, 23.5699 
99591.4, 1.01818, 6.48946e-07, 5.52044e-07, -11.8334 
11358, 1.30541, 3.27896e-06, 1.05431e-06, 6.05782 
24166.9, 1.31781, 2.83866e-06, 7.08113e-06, 13.2024 
30993.1, 0.900535, 4.81265e-06, 5.80119e-06, -9.78877 
27140.2, 1.08913, 5.22819e-06, 1.72652e-06, -0.0189482 
39089.9, 1.69405, 9.66111e-06, 6.40567e-06, 14.4816 
76946.1, 1.51814, 6.22425e-06, 8.78041e-06, 24.5148 
46039.4, 0.906971, 4.70539e-07, 9.99227e-06, 20.1352 
13275.3, 0.743453, 9.26087e-06, 1.73335e-07, 20.1352 
85537.2, 0.914423, 7.73603e-06, 7.16447e-06, -15.1762 
14169.9, 1.56844, 6.61532e-06, 2.23261e-06, 0.915004 
65370.2, 0.990774, 7.85649e-06, 9.52322e-06, 0.588791 
55691.9, 1.13497, 6.23427e-07, 9.60295e-06, 31.1772 
94561.8, 0.98914, 4.56844e-06, 2.67871e-06, -13.6903 
52732.9, 1.1616, 1.37451e-07, 7.83423e-06, -13.6903 
15017.2, 0.742523, 1.48231e-06, 1.45712e-06, 4.39796 
38758.4, 1.33249, 9.36814e-06, 6.8861e-06, 4.98332 
97552.6, 1.20373, 9.13976e-06, 3.72023e-06, 2.90109 
42723.4, 0.747071, 1.02298e-06, 6.21717e-06, -20.094 
82888, 0.705329, 1.56676e-07, 1.49368e-06, -16.8712 
98795.6, 1.35195, 9.69537e-06, 5.16448e-06, 13.1013 
34463.7, 0.878872, 7.00573e-06, 7.47082e-06, -9.3601 
